981
938724
429998
300609
695441
349898
507418
645993
703965
126547
946911
246189
158624
338298
340728
321294
566557
682808
872780
57773
526507
304989
192569
723809
108273
739512
824640
555318
881291
576505
635253
735527
368210
406600
442092
208690
865002
454644
225501
243958
684517
141875
96916
853345
290573
208194
120082
615101
320350
860158
772687
617311
414153
994384
899679
801281
398327
117721
843818
753766
937570
996361
865821
916097
228950
244640
744309
674513
176730
572116
986922
906746
798321
52264
109071
845892
444932
430844
267192
629743
310930
271623
993510
453123
315490
890452
602315
182474
201825
457316
475383
63731
878757
738303
458661
272464
874615
486877
345343
916331
354403
200649
646547
523382
990301
695579
768055
691663
502822
366526
606827
947213
564720
203380
943517
224452
663570
603997
892601
606492
58976
790454
874377
289496
167472
810104
444648
408823
738545
727493
274611
843950
121514
923582
596151
154731
471829
193982
722699
461878
177032
899125
987093
932399
550108
731535
729441
704924
89112
810140
103449
431708
535817
951035
186596
107198
715166
228271
235605
919964
600708
730813
955586
665078
304055
650105
451657
388462
605113
647305
899440
588745
150128
84046
241387
221125
802636
367204
600253
678610
623728
878278
295478
930816
556784
812038
642243
402749
327443
345810
219290
379519
441867
238137
719510
80392
589098
388951
276838
258414
381544
260240
658879
627178
896392
663685
645202
708727
346851
616746
410097
301475
990482
882349
297663
600599
795470
607733
964401
586871
974993
914351
333728
497655
954819
129056
346599
178371
599425
56449
115143
277999
777926
303157
754418
490683
642847
88720
871673
452644
822247
240679
671457
133902
86176
883851
837857
336876
194055
994941
759440
327610
297958
807743
675849
779165
219392
180681
470153
521459
983703
972477
429904
609013
616066
383199
521061
950901
792551
959637
335801
191669
808198
727182
740514
570787
510368
822505
779100
81010
529442
220561
839818
982772
530956
963956
707721
533223
116378
124247
297192
281023
294382
556632
149859
315996
852424
962510
158803
496659
369816
788642
817868
761674
827376
922796
686666
149107
982575
67763
237472
941482
216436
865090
989641
991643
439428
108495
658112
93096
303588
394336
515207
426362
948058
512212
463129
297494
601652
428132
288320
356026
886667
648976
475398
310466
81276
237901
548054
416329
521025
340807
700320
627611
583311
991158
833162
303173
71904
458147
191289
116085
892810
332756
313930
329251
322463
267099
964443
343317
134284
804631
629706
631826
155463
433662
120440
921791
906392
548573
592078
107040
916333
383874
470752
137130
172252
378898
444015
233858
65351
551906
545115
434585
421823
674628
212193
818526
416268
440278
136408
394901
507467
531154
486632
983115
593402
508966
67745
878764
865731
363639
554864
846118
455152
217689
70164
684054
907527
611173
816140
229689
307137
191383
753537
895082
504018
519807
782993
889446
794577
801390
333513
691446
670198
820958
433936
915517
932017
780150
619630
417768
935576
733933
183710
67185
976317
363624
298148
195747
934324
595348
901568
236397
926387
221560
519741
610945
790117
901038
825993
487198
983266
281614
710075
184968
311618
426969
698549
317033
220070
186407
736997
363061
335255
511640
336657
323392
674202
661403
300262
566035
456877
700488
599021
870423
354172
128875
158186
582389
701153
370341
119510
500075
761165
815444
875354
561577
603435
946262
735302
390094
475923
589875
147366
226751
349614
489918
143353
239223
906728
495363
445260
251969
381166
566827
469487
738902
68323
142760
728491
891235
468169
442562
511660
678248
252338
882550
829125
868030
995822
362194
978939
714766
156612
735137
463557
853023
583104
371697
103312
979129
120737
220575
116558
289324
115924
94250
698743
719891
788747
688132
76470
240923
975116
127936
530356
384097
417395
383355
288890
433229
444721
685453
662953
694813
246973
980708
991841
921094
587795
351774
682526
879301
379022
636825
552980
537469
198980
158013
528707
221574
758675
779699
641310
872615
140481
429897
504809
513930
818611
895779
823068
739227
779892
95955
855642
887201
127492
681406
108575
107085
723274
627912
893282
655834
771592
275930
209798
474660
260114
445306
67172
756792
492883
570379
297188
215885
161840
226891
799325
783281
982116
901893
941727
537311
393499
698660
278144
357390
50941
665800
74735
531611
575491
697104
739985
219651
746477
60815
330898
444516
88645
564143
965800
341703
561650
869297
427189
591916
243307
187974
459721
980492
222092
906603
286974
533147
736574
855694
813903
641905
408483
723939
405770
733132
969999
599494
270320
944731
669767
229130
418329
867830
479152
692126
682602
252501
782552
141469
875001
330905
567824
115313
271332
849719
164549
145711
913749
670320
985025
379100
993705
880537
254913
450300
381487
247926
844758
397942
299729
159339
960172
767990
554531
945034
61532
975758
475827
869253
645733
138831
257342
423741
614206
487801
667162
161603
993758
822715
512897
571407
475112
250733
525905
644861
687696
358986
274238
276059
484039
165481
616570
300424
441429
473765
424285
244551
195405
881709
948623
506035
209628
479475
423109
445444
482146
657709
920717
895945
754304
487443
352001
695349
702468
620863
242203
644569
530870
464046
507227
286357
608138
174172
347992
789446
80141
174022
680797
327779
286599
879209
739676
732763
475100
53036
715416
633568
920397
278941
453819
623764
541401
720736
734448
282154
284800
110060
362534
981817
623059
88066
332331
770518
272302
54592
265578
108048
744618
182015
89637
140852
961742
556901
873894
724846
443357
572988
435446
643790
741183
403528
111597
535448
453042
856678
236999
595513
829368
202727
413300
919433
234996
193386
206789
260340
454916
57269
598119
918432
514261
679827
173771
254916
501412
437756
509595
181848
121641
210872
480176
805476
581936
691622
764283
963024
239175
109154
338861
293611
908235
171475
628767
50443
849930
846612
196254
889261
542439
115222
642383
840971
406169
794774
298098
295379
206406
486708
362332
440174
284141
435335
680463
415473
377091
489011
97206
969501
774491
540100
720230
772245
798369
856018
558147
910143
870255
383573
162572
187966
329682
914202
683265
948216
317463
798892
145389
258543
645761
603917
487040
234881
158674
231490
181178
278720
538157
364641
283914
415975
266533
955584
625887
110075
612051
369753
689355
685965
718450
313103
691312
310181
981097
883465
993293
617323
611583
106124
719228
82637
307694
999975
787253
279137
900495
261847
118148
408536
673658
73973
78671
181097
817030
925071
909666
457981
244964
472228
253423
112385
481619
340752
727019
858375
264299
469174
230875
294967
887591
973985
128987
146590
476152
633658
532882
74212
297544
495997
637605
358656
413877
168385
952051
160768
263370
58114
554722
355096
454063
911085
546342
153040
563145
346662
280602
815862
308443
273515
486513
876795
69486
692398
444
