994
243238
934177
978588
524735
932495
268202
496522
906862
853216
971654
865588
809675
848011
906847
596776
194808
354064
208666
455907
555627
369198
867530
184961
194288
168811
522600
200032
724915
643381
525185
886973
88774
844386
800099
482931
540920
239330
809371
490065
719295
268821
457703
328819
661833
876614
838070
110534
724878
982921
185948
614606
550357
165489
750170
372986
868658
140829
579569
816373
344142
696074
530463
275965
793841
778911
700993
529030
898600
718497
159296
228814
813375
317162
480785
573511
669580
897972
611065
906343
672701
135421
914342
180911
526153
67542
317615
504371
755797
865657
64937
246422
273896
222820
790588
272757
89408
88740
269951
445318
272076
54277
676695
748150
616168
199219
371182
948620
470428
396887
633141
407116
550411
124311
420514
536579
448213
460132
289849
384698
66234
197653
645275
998074
204382
664930
659661
468616
359670
353721
155010
414568
364632
141917
812664
715013
513146
951211
293748
355586
138942
227957
661112
159090
563762
261512
196271
224290
792727
113072
627616
670082
784878
265789
806538
383694
283104
112024
109924
921757
329629
981208
852087
991089
635198
765238
858196
106741
635908
338763
551274
370544
684526
290974
288018
977923
743345
636116
987368
802778
851243
112949
447591
458770
204007
67188
78926
660955
359535
948210
217566
849150
101401
213672
966648
339044
534237
54586
169488
488361
577031
924746
198461
927965
141246
926528
694437
566247
224482
212910
527392
922925
952333
160085
186482
90497
345075
221411
867679
794852
670490
991454
106959
494939
920715
870972
85456
180835
212184
664578
450711
643838
595950
571088
817127
654111
317015
873938
519628
626312
601463
105642
222189
639860
247278
405789
112930
134653
354127
325674
69515
225876
848564
704035
352154
414490
965968
322401
174773
945967
534398
851986
259704
201717
545682
452949
239304
379187
551931
961155
197050
976885
411400
336034
298493
287048
827700
666749
831401
165602
749246
985801
129967
458197
79105
809998
562656
680597
764758
398416
668067
178933
540059
982866
212305
797158
461445
500688
616061
296249
578246
440230
281961
850800
268520
148289
536181
410212
332550
659832
494954
207881
572793
961443
287460
145876
832983
131581
987590
730191
948550
233993
436129
710259
438520
990356
654981
685404
795596
818517
263785
392000
201473
240677
641033
969054
864047
562974
314509
562997
707622
771112
757923
490441
386329
871998
220477
366293
493482
177364
781699
52738
457829
543366
491552
51079
137684
938409
835820
318411
575553
786247
475132
599575
691780
582578
79928
402290
214861
56425
660911
579589
212123
600170
235404
400081
147355
984176
363278
193097
99624
754369
623615
890053
550810
175928
401468
654383
136884
790562
783460
200318
778081
58247
878871
758670
684442
767187
351355
283450
225084
839078
899252
269237
793477
365726
474962
585754
252628
63008
136453
194220
916621
482896
894746
550126
78834
65006
464064
808593
701911
750743
495293
214515
886431
494460
472186
497929
798054
322886
716781
777386
732960
930536
595261
390101
596792
479337
958186
645410
412242
246336
728825
798180
530903
80726
501575
322565
76880
472293
385825
945328
249756
255475
400260
308646
847820
553636
167090
93248
965446
97124
549163
55497
271329
790486
451055
719269
772832
203722
975599
654312
844075
314331
417479
836042
237621
590970
496162
567153
240778
439800
659853
857635
175945
682978
874293
786703
545496
185780
657408
613601
766149
960729
630279
767720
755165
695533
941637
925138
146484
603531
656108
618679
599535
963445
675315
368401
769085
898024
538147
193484
908970
172254
425422
349377
297423
364882
544150
363310
730215
400603
368958
629106
998113
861751
933634
405436
828188
321615
256111
638527
648935
750223
311565
495425
534671
685866
952836
998075
211714
376311
685172
686244
652807
252769
521785
757225
161530
718883
939088
852360
828457
84711
971414
625818
854732
788975
706563
70193
222797
411546
890848
614243
147108
637376
321060
445924
951513
621099
403970
884710
72776
872205
847991
578679
122129
810872
56626
253656
236432
570047
424096
875324
63228
973772
353470
675780
581929
577602
63626
69062
216539
691365
260710
970110
572013
197611
902922
189315
192556
503882
139622
249018
197165
55969
615215
338538
572280
894584
678919
114944
726803
77389
483942
434753
392912
338281
58839
378440
357759
556192
357637
392289
311590
906386
448877
216185
444414
285706
120109
122164
441080
304907
713737
925809
966615
734412
626564
94986
713302
269036
267325
970573
751808
333565
614192
255202
565109
97309
803548
479798
145667
177580
615981
864871
155601
840151
891167
260991
928079
162453
72647
603258
829256
213662
798080
750445
243626
793339
896430
347846
234654
139358
567494
278140
291768
346037
227406
902595
400384
484403
581469
452771
113717
52713
989809
967477
978332
977757
806003
895003
130599
629310
622524
602119
690512
164996
64544
296636
432559
583617
433210
115058
743786
445993
218093
210040
750974
572994
546677
83826
350459
432056
681317
509365
116975
647222
461575
787118
867921
117851
174494
59544
829522
883044
569141
395053
215356
778811
919025
974931
821795
241447
286068
515014
994451
120308
606878
854334
757013
397190
964240
735855
179756
120847
170456
613001
188030
461207
301433
298011
748233
117525
403873
205091
242247
432815
123061
324258
981811
527623
64847
633454
906262
270442
146536
528255
230709
354293
263797
581696
454135
222203
876273
804374
114257
576344
771750
80973
846723
173420
66945
741344
258426
586351
783509
60789
840627
335498
792906
273412
646301
178679
86863
74875
992173
786787
992502
614492
546745
276689
615380
267915
430296
560449
648765
729724
707714
419055
716796
73975
110166
240517
806140
339082
215297
735590
467266
464699
82649
515670
606380
82613
858378
300493
653910
735537
532703
866823
664557
96820
179445
605008
776498
62156
73721
590533
745392
825536
406965
873831
612203
81628
465948
172375
554878
126480
767888
733669
495233
159722
745584
248501
56488
785624
452747
649303
282816
971628
416871
118812
169624
876763
492660
613487
755004
836485
88616
80563
608318
349608
387306
182881
389133
474837
379112
256307
136409
404576
631625
571561
205199
156596
465980
703804
260635
655107
899423
303018
327478
927756
434548
743715
203148
841171
922103
443709
779796
371511
773976
437120
276415
765021
61541
183738
544080
143683
80932
162277
922313
170107
433910
481287
465035
975169
67362
152665
910025
795563
268452
906094
293879
661702
562341
132502
301925
951801
716952
794613
454042
563782
597422
605198
164235
572096
648372
786765
630430
443177
398206
942815
768852
775420
942244
668327
739880
356267
170229
585431
517435
822415
217896
702974
568527
527612
825536
404898
334579
556825
552234
362097
295282
480378
388367
915740
881308
862417
731987
737634
618089
187300
541748
852284
516182
672831
418468
358812
192155
420949
248344
269934
151493
216955
86318
423261
146141
542572
453129
423478
947675
739986
238124
499294
938452
508
