95
368124
867003
838632
68273
261050
977688
605622
644616
373626
219662
925226
671114
73888
553382
652424
471975
741925
524462
151548
183667
290296
299173
322231
164455
463388
860620
931518
938533
76579
172086
444746
161006
474285
614906
852594
971088
850578
349414
932505
425726
718329
177036
973983
93298
859397
333676
574760
770462
278380
518836
617837
691338
747096
958854
473242
189318
244806
679196
978655
701155
408692
442938
173815
56800
321944
89075
190125
513492
121062
936049
124237
124563
863812
421383
893471
980458
601448
808072
500067
626813
471770
147727
586964
629175
265281
822687
988752
315463
436075
766400
439430
140621
889246
297384
653808
100
