91
503854
622735
354992
605484
231962
510519
503406
693580
426255
101901
57177
949641
512274
547237
934316
463896
842709
160689
831620
987729
213223
78221
207887
669879
225811
693658
789620
145298
618260
196503
330035
202231
629051
74688
691956
678538
362172
599532
909678
658014
343240
730645
986274
466959
67510
726622
825038
587302
615417
886204
479428
585618
812171
984494
961185
694039
538688
742147
459245
585181
119300
775112
524373
545868
727695
806578
108496
684051
856882
827501
177365
792787
169464
84903
398313
829782
495919
274062
166163
675178
914298
387028
263449
445990
169144
417452
376370
729620
856488
854104
685253
100
