94
647517
658790
94568
342746
990176
486417
209863
622337
312567
226111
996126
718809
648373
801981
750456
413235
776553
982503
759820
65880
901585
516717
152329
969393
859986
732807
265190
235663
946326
866068
331438
972713
596741
572424
464730
600736
241579
606737
386767
632570
310637
93505
535389
402912
216201
717513
724889
209664
130521
261736
151162
352125
877346
778388
475210
956091
596158
276589
831197
525426
191588
389616
999183
778525
870455
885749
433985
793338
878314
893220
562891
831379
737592
862923
671203
617370
449714
986314
199831
200971
361416
245947
842965
670664
115707
252174
977833
191274
809962
915597
370906
113057
373050
983628
100
