917
658966
201341
868191
854974
114420
472761
653068
846437
115896
574976
592221
606250
749334
566063
919888
265945
587010
449681
437982
507954
156101
693822
695668
351053
917067
370204
668471
301950
420580
688941
376004
270729
220682
958044
168785
85380
799008
204100
682762
96237
840904
234085
70499
615480
991544
679518
688452
700450
904813
608645
141714
253798
716731
877590
127059
994465
356350
615806
771596
334346
427706
740535
922210
337599
945558
315380
951220
449956
309254
604350
176666
448095
384964
727354
787340
786358
437403
280693
436996
83234
847945
748431
600797
324602
99011
896700
132168
388235
599466
761391
808813
600788
172930
371542
354559
921377
589864
910562
310089
385112
363048
114384
823017
832603
409939
496559
577942
86367
297988
358764
340348
587902
237343
667002
326821
338194
491413
571252
716095
647043
296297
444324
673333
299246
595886
454586
200634
395833
966702
304031
247176
595235
909215
488429
778729
493058
660627
559457
123419
625468
671469
328997
810557
456276
103874
921929
360622
204802
129431
956567
994876
611525
76363
346713
185894
667698
617314
457739
940200
522248
942315
919784
421591
585831
588529
325856
269507
586150
250336
502511
840557
115878
268613
753072
685257
225923
680932
689328
218426
101568
169620
809952
744002
273107
267748
474586
915939
414247
683750
540687
120318
769482
924401
101717
763150
922095
301236
778897
479111
945749
670175
447367
498241
355874
221231
689938
967708
101023
509959
606373
913170
437422
595407
957387
521881
482049
916353
727942
211634
931354
83885
387455
791523
771882
402668
863113
71456
536369
723867
145077
699905
301616
519979
817897
292512
497997
54178
917030
701675
596719
189433
278403
910417
733986
119537
958705
824765
754464
316900
835523
63695
270210
988015
284282
899325
548656
78078
667518
441432
520795
276975
670302
673775
140551
661558
990789
343105
356395
421089
699282
281781
681321
572964
982776
587088
818787
51096
429836
427201
793139
385337
348377
607260
615525
790000
843153
972562
915275
660916
664903
213554
889279
838138
310521
52130
695156
302495
87023
856852
313311
380950
732746
181416
472278
135995
108708
434864
357593
606862
579547
451736
761450
847958
973958
615016
787357
121722
610915
280671
79446
838354
136913
330629
680608
952960
233843
766784
234889
293457
222817
742621
825084
417870
760208
888843
172842
806311
360793
237869
967479
57062
925563
631082
958015
634296
809046
715309
736554
521005
948686
625252
836852
543855
160443
502275
678680
851543
409259
459174
352561
613585
496404
828980
329777
617980
248477
612288
559347
183011
679333
431807
288038
361506
813301
963832
522876
97198
835164
680795
298233
667034
860257
533504
82594
546511
140208
592344
781211
412151
607949
794712
219619
204079
337728
260416
779588
679240
765346
776628
343485
102355
84073
689427
940553
758780
647040
246538
330925
905935
462652
837635
401454
413931
126143
803027
275366
235393
200948
919543
182468
102366
280216
983197
76212
661126
396076
292661
142548
960009
883315
386407
275355
990534
801749
650437
323470
85828
737824
957230
740993
68172
463205
631892
322275
910604
65151
51790
687965
116818
867197
293218
951816
965160
989613
533132
475225
254695
587907
317325
371401
835414
131208
407451
481978
682693
827612
137464
85234
259841
606243
626576
286444
181520
325118
217578
108280
850869
489062
967801
716976
250214
345301
209188
672535
201716
528964
740913
618664
335955
874291
751870
428620
893377
355983
155845
191432
621519
818105
934610
658695
387920
992676
695490
207521
209859
546163
938222
544134
90286
590708
839418
917903
169595
381797
720174
781267
396934
466833
785537
889649
419263
415284
422552
583474
892417
363947
972727
843589
699565
281775
575868
377376
523377
911234
211195
201931
341791
140535
391166
437348
291879
299242
531328
569050
761449
831226
61730
508615
822708
381810
935727
422836
606232
442197
80836
444964
978180
314389
436003
492477
400763
211630
868089
91521
449717
91526
533484
701227
664946
924609
750619
312932
665629
58437
280522
420260
59503
140911
53477
540241
235783
105972
71075
782876
825440
698272
409262
515671
630572
930607
843282
289926
741162
996117
567040
246261
428152
625130
685204
283321
900283
502177
939079
699550
981944
865635
645575
339619
690002
149695
409904
846949
156638
220849
921623
922177
728898
134070
55407
657305
778260
217456
903500
407890
257409
594688
269222
543269
756376
150877
316189
296620
175301
311185
761118
985441
727591
963734
774530
241254
845456
733249
83575
871973
745541
476698
302807
586534
358969
938956
527214
780203
565935
679052
449453
400744
838191
244675
377320
532964
506827
226805
293830
787198
298533
969620
888843
171586
587870
648424
701695
931691
53164
972560
889410
196806
669359
987827
923057
324975
670486
915413
131775
433727
257847
353103
220690
151188
790170
849158
227543
350467
565159
931539
342181
991230
141723
396501
791433
222443
162579
301302
933915
367934
519838
352145
258550
760837
998953
712008
379448
196903
397255
151143
993878
949204
780713
579570
842565
606487
925973
878017
661951
959420
485426
664441
986977
887558
428033
524617
855907
588149
594509
104577
372189
776966
318267
58383
322533
495479
492451
911809
370752
377117
923062
415093
646651
369320
57942
503457
587970
435448
679300
829494
418174
163270
500821
956764
512741
787195
253757
980052
414074
615864
785955
312750
458788
509359
961892
225762
826688
761256
439076
837050
74987
966498
679568
582098
563520
949587
559015
297515
953907
951140
57700
242760
493026
116646
819695
106212
302538
806511
873887
601902
839869
889232
51578
921282
899614
649068
119674
413649
127161
803138
245111
102255
310427
366401
409883
499802
932060
547304
172704
376143
714818
93510
620800
128772
336997
334354
564988
918766
422633
985108
834576
302628
422535
300462
130283
63545
602695
853103
974371
918500
694012
88491
834241
383807
297232
945748
649434
581450
134078
189379
327821
996695
770601
715151
930262
740841
355115
767848
61054
556761
422584
164830
122324
281112
832837
529413
684057
948942
168318
783870
441192
288841
555989
745430
512724
505618
809373
519849
537654
458213
356770
74908
596783
319492
698570
663659
197555
912435
435445
630010
988693
273670
226863
328595
708296
691650
297508
846141
842732
554924
908801
179420
175968
132183
649153
602599
203358
561642
732416
346869
904004
324714
79866
305041
122253
997487
783411
327413
780927
377636
144782
496279
627790
601
