953
697661
592056
686623
364937
518760
275697
86219
658829
749877
197188
448346
802196
574200
855692
766286
417219
274619
974041
112514
737246
754607
817300
712277
147870
134034
397289
730844
520789
179978
55161
331492
925741
772659
150166
720407
895639
361205
509770
265061
921021
305945
104742
301923
933172
239793
992892
531408
961038
129193
750805
586020
916552
262866
147552
499289
853487
775311
67292
864838
557624
672424
234834
321971
544061
773002
218182
761242
206619
259147
349445
504862
453126
367116
68826
993943
134218
648580
471257
79834
708797
570554
394405
716570
71451
457882
486489
469508
135960
467501
619512
334352
541258
218381
292849
460048
777321
588867
309108
55961
477271
438850
835374
418244
394342
614807
127611
778996
228304
797234
791969
666784
461535
114206
680957
167662
215176
588360
333534
92372
498915
266506
513069
602563
548036
120363
577190
739315
360191
560607
452469
723543
397962
646808
159444
823333
445209
345234
987020
649983
306048
896351
918803
99796
786403
241824
913073
716800
143560
869466
429609
415872
436992
976520
922282
597593
632383
958202
923254
776462
408293
374945
529038
88256
683073
563042
505974
135114
492359
305130
656744
866085
616696
522765
130138
479075
356113
445347
752214
504884
815822
585157
664770
828210
695734
514102
863674
945580
675548
482401
185188
199541
81804
568489
845102
477232
731375
893425
205886
298972
739340
780864
273701
762486
212340
440075
517858
323646
196609
216957
129578
570842
484569
511992
554821
124719
623208
698232
682057
602464
778421
76206
557815
89201
417010
553389
767627
141183
819886
476185
243979
85562
69988
577899
303819
475793
302500
175534
441375
517175
242095
728621
231051
401033
941644
95236
163908
777327
695859
721651
905234
96661
364966
992933
257557
229653
650336
533062
251046
79449
890768
211344
811733
268339
899262
447019
358624
841624
940618
902724
669115
679312
79365
441160
696524
483527
103969
604824
535768
116173
476247
330802
733115
688549
429282
613325
875468
566320
486290
940428
569392
810040
324070
663954
412121
103635
696303
581347
299057
264145
737175
510103
173812
949246
525728
524137
385656
954487
239878
515504
674296
338855
203969
379443
108235
88389
72982
532528
774582
162714
662278
743725
367939
599672
407405
660617
389461
292272
262429
402211
779133
631878
82954
893918
887207
222928
704625
757666
921554
725134
535968
630605
533173
211703
194149
667953
161377
999653
125934
136692
417168
359897
371617
651662
963166
729602
563474
169578
110089
848806
975062
167724
292196
887370
108480
418032
630523
107258
772323
206648
749993
243621
712086
723611
591338
984048
125261
236754
269135
979822
353135
745671
766051
264236
363373
833390
337012
584726
73455
884922
778005
675892
548491
161136
744109
178925
420789
409843
784184
957919
916641
816700
139476
645615
50158
815883
656043
470928
247405
654270
139274
95026
433442
219398
285710
192863
914815
523622
280430
772540
999660
242058
101118
205371
190578
524043
696982
584679
228416
766228
387719
475864
551057
522645
969235
105414
192306
106231
614895
664148
811878
813649
164747
626730
971357
613259
716829
621526
931403
913898
323349
896056
716033
546499
896167
688730
622886
982188
215503
383359
359852
560154
431403
152914
344612
988008
151693
721421
845798
768692
945858
609303
750307
772001
503426
65979
655055
970854
723631
926385
197242
397574
773048
993528
759583
829282
643132
139833
947479
286498
135754
794767
183066
650277
488502
106394
510919
572544
582391
739935
341422
577281
367461
173118
693965
246002
827161
157553
398418
700462
158603
936093
868817
909844
594017
391460
628688
630450
792502
136444
989185
932903
467021
153432
503709
86461
916961
483230
816414
85321
760844
175847
943742
195265
432608
452008
579132
125934
146977
338073
361950
669159
477858
792654
789185
439854
613261
756496
262879
360124
381592
114724
827925
655203
607693
294709
357967
242878
570678
566280
770702
516030
960033
346658
211946
476769
547579
978557
954839
467055
719531
427226
265420
313900
775560
446954
209110
323724
556888
651670
143139
445032
208826
292355
702318
943368
559867
363214
66882
634457
666606
325870
515879
315703
676715
141639
884085
970010
782764
856841
125229
644920
719249
447014
266840
424118
293630
275651
276445
304664
436025
870337
814121
502796
880635
949881
750229
411701
643960
749099
423632
678083
319094
644781
294035
424913
344019
515476
197133
472740
294916
979584
161205
964228
525559
535541
113910
447510
50532
446611
149862
361807
161405
514755
429436
350500
168929
593692
634150
254127
550141
326819
311191
858473
948558
375321
192993
257523
616312
713444
750361
719504
933452
199829
172370
461822
190769
872985
649004
954717
315274
109622
596087
972565
964067
679377
214995
406937
400721
449711
937403
81973
565660
796692
236330
753105
278757
217149
506393
526314
862919
618514
669414
959306
476824
526821
841572
65799
477306
68507
386391
959289
190414
607747
245053
72896
986037
282169
548589
848265
435115
771657
420357
754449
65873
780373
579042
521823
457702
315321
907858
474047
410483
136631
334413
616159
53430
687794
106031
112020
996546
180945
157536
109598
193924
687019
370551
791660
227666
525830
325886
785936
945922
725813
541575
798052
289554
191915
185351
96420
110731
238861
528861
908785
853255
679241
781945
389267
829120
774246
213752
420425
943958
973574
827179
469405
308725
276268
191511
994373
711575
690284
131298
976300
69866
417714
988386
802376
748669
800067
892629
132786
328624
230797
881221
347210
937016
224567
688599
330149
213369
628305
848578
943297
319141
500039
158946
56654
720102
533990
643232
855089
140491
593528
719512
118550
513452
399316
594045
855809
837252
626952
901052
123429
810159
425333
764363
407691
716959
912879
307182
935733
514799
222619
266801
715133
634682
644938
80374
285003
662903
792585
579069
965826
773271
942611
192799
792504
162725
850970
276503
343081
913050
315343
329406
69284
134975
60704
366909
397348
775939
162513
131998
395059
301801
774296
117297
356468
713820
413989
140323
632336
178618
947205
443583
565382
891167
270063
430264
959200
598268
580481
952981
588456
52118
504925
552762
672220
599938
136635
403768
351441
790069
90234
664050
124726
747677
268697
269928
58236
707395
760267
924352
240063
781839
510629
458114
589512
693506
127850
992164
648218
95873
430181
520227
227340
742216
664787
158279
246945
522643
925269
436655
60545
543728
881043
201669
690468
387757
164413
717569
720232
813192
82916
250641
869462
355606
479983
409853
950424
383720
727902
498425
594462
278501
653877
190529
648304
589701
62532
686179
518739
878913
510780
141596
165348
273873
794572
705472
737932
883916
984337
220586
305101
190
