911
773183
967149
218708
10457
719307
674797
770318
822955
305756
691757
755984
965370
328827
360780
276263
113638
496373
663557
894855
443298
832171
154899
806735
750645
255891
798458
669087
823621
489851
84709
384634
93995
431992
855257
67768
729205
4723
375035
800612
866238
592949
461498
659336
980377
491077
675886
69025
851571
131962
399742
964893
314614
534223
670819
920080
312454
237702
160641
294326
633253
694884
295768
866257
910654
922734
901392
295827
849488
134341
374843
576043
376648
911039
396580
828190
262734
779949
660480
194774
835589
591625
218495
425416
363083
966450
483221
675740
605914
305696
691007
150415
468314
195078
947032
184046
565709
743947
711450
648888
416145
580034
447123
105376
664814
21817
597820
309634
847780
439771
570750
444691
239683
447851
341018
211939
270486
40941
953404
260369
51781
91700
859741
419379
925865
508820
814880
616720
892129
641590
784566
242182
451858
676992
642177
648852
812798
621964
9867
804412
712519
611806
316713
803480
56823
813499
410033
884254
318619
834500
288560
738051
639609
487790
456372
523389
630823
855431
993677
974451
920104
719329
45735
502945
93538
743210
317468
486784
538707
20443
520603
805350
481223
104149
54340
96723
273223
36959
31768
808536
20145
513799
478379
310390
562107
205748
241690
185650
517421
345651
48581
318670
681051
862770
321264
282948
452621
490524
386539
105993
26760
658848
777631
708440
71637
745660
501469
293196
643212
37905
941244
930470
895983
411647
997828
727350
823025
467233
30907
341309
103403
519669
122937
744459
316532
762355
23863
986677
352308
920519
690794
566783
789045
495691
216859
935135
278388
826023
842166
107348
800409
444713
612724
749675
957181
725442
760528
322070
817514
879727
242748
947156
267608
687234
748428
8062
475560
949809
844867
490922
73827
542237
328457
143706
735137
669577
49626
885991
504883
658608
745878
148289
745666
588815
991993
687407
656217
557993
76879
819794
184106
587032
30526
939231
115034
942444
96864
628446
914515
807919
640798
468397
588002
332436
996604
153645
730885
220852
37964
933328
923569
937845
819762
638296
431660
292546
716529
1897
882306
593861
777884
952328
174205
220292
618230
262141
824121
887150
976244
47743
249276
646214
486634
24190
480737
932018
901538
752619
429554
889543
192563
679122
446293
168857
352330
290565
428114
698553
940319
385996
986546
145304
579564
545956
816138
755759
194671
105507
873611
484953
776285
91166
884764
882477
455268
966338
592121
542272
913954
381086
479547
947606
842560
719336
159830
666244
41097
568843
399972
816999
213915
473794
265660
954342
23900
597884
374332
985435
476600
417362
34041
9421
303319
739461
336425
22608
896752
317684
124093
172580
905791
214497
239250
171550
607139
899207
573704
78190
846177
504373
93600
788979
396737
469932
369297
378787
847153
906992
384669
690029
719245
644441
688953
626639
557295
352108
560100
494495
109937
309644
21762
681763
811644
244681
441830
165520
271892
667451
332715
696795
408514
352334
354661
459530
594908
367470
684203
824327
346667
123763
624944
81405
870796
175921
49749
950069
228763
961510
462406
917520
289692
759577
341356
887156
82920
327841
795679
972489
956134
130863
922115
508496
373138
918844
533947
39329
855478
795890
518398
754829
568368
417024
352224
496103
128603
954284
51370
186085
834678
285284
688658
673090
81863
564369
214724
61287
834380
266604
818965
248926
767621
507831
198569
607174
476878
87729
129902
774850
980247
317663
763676
226692
168432
202916
652715
721960
261592
601634
388245
776631
905481
992222
520201
51681
419216
181960
517205
723426
888132
485014
805921
71031
565274
435082
780327
17718
734818
305505
469710
643842
629394
846076
812522
991686
519156
493940
783084
334470
179520
514856
251237
605089
443858
248993
894044
820984
183352
910179
936091
350762
932382
21326
356724
123281
533123
189201
193946
924942
11471
762895
94359
547676
719023
912012
739345
381165
805635
263360
296571
352455
380147
702232
763540
939041
910831
899684
587486
670341
893428
472348
975478
171844
543365
281268
206831
430826
265260
223351
26879
664310
546564
38469
416119
153511
479205
193811
653724
666264
387547
36613
224676
295770
893695
950610
319252
470007
645073
301312
25697
795770
509930
475271
85635
951089
361623
438021
162841
259567
573450
817728
463453
500601
713821
501471
329440
663176
490649
491253
642714
676967
228179
141274
869741
451049
81765
928912
710945
172291
46933
634947
165977
959279
976866
503531
946730
109912
882367
611747
319431
469213
293090
861800
11949
790956
611419
819085
264744
561053
503852
337129
866270
137546
228425
278465
112063
25161
797364
280272
478051
803367
155859
942477
655354
60275
820601
742916
386526
892682
939180
256779
719319
883777
303005
462556
429706
445872
90272
868423
301302
857742
837939
85092
835918
114313
831903
655154
708504
158857
317404
414782
676358
3853
753435
143926
422499
356079
275256
188740
452614
373979
51874
654079
643735
820254
913295
308103
133747
380688
793700
714361
572249
625965
231502
993662
719465
339600
387094
435076
675759
936151
358839
657122
765019
787064
207315
571127
771124
363840
698445
129960
747983
520259
38967
779733
37717
772755
777670
370412
116222
911113
633458
139308
838746
636215
465266
972042
437334
619433
467455
747913
346891
893961
429751
209978
308418
416375
441565
718005
793923
474463
507934
936267
311453
414444
3498
784427
903836
355353
73400
358645
396558
464722
831821
269119
76073
279193
341497
262976
850968
13904
637293
581404
461645
123630
388201
28457
181216
13332
33733
823139
394977
892925
21779
969493
614541
273911
586111
558186
335759
839403
684328
915537
980726
354695
22758
421784
327342
403336
344433
591035
301189
949608
478193
195908
888615
601502
173577
660232
22866
222868
907885
389761
251172
511967
692582
609329
688722
753687
372799
235525
579871
701134
310159
669811
991597
24333
881096
256111
497711
161446
813682
482306
305935
699143
861093
133105
604532
97671
190059
619113
88979
138234
791104
102023
325437
391745
589594
78761
441324
674204
797244
271703
488567
497805
727481
25694
750837
483020
300682
433956
867127
535933
401915
479437
98161
436197
515735
13375
759573
269807
631715
850448
265621
303018
685462
968344
307390
152793
415406
164102
453098
510679
50241
215990
336019
212958
393326
149226
478987
530457
393489
882257
635
