951
447605
215468
566217
281394
338317
826751
85482
376264
454714
665992
818539
92067
37089
220885
585519
606922
248889
138443
289597
176398
61347
843020
462171
966106
702080
210751
310843
167566
655300
159701
504172
727277
598593
301005
867675
738810
398547
887765
322087
111416
148876
601599
808531
931169
640731
355705
992291
679463
165811
168272
522277
934971
520141
42406
569166
830966
913582
125889
349260
705446
769755
365194
438771
774249
883842
388698
384509
392160
561552
886754
330470
971292
835357
683752
243974
553545
344606
498291
906562
169679
159928
307149
95300
359122
407734
254609
262360
506661
546368
748893
822343
12347
482753
813377
349274
932344
392459
585507
412839
32459
415752
977031
278304
406319
465766
369225
170137
861147
43707
420755
43712
508931
685502
647311
920641
737494
276771
648031
8881
242655
389747
10003
95696
3660
516043
195561
58918
22184
771448
816253
682391
378171
490180
611128
926955
835033
252554
727539
995913
544253
206591
398055
605400
668636
245601
895035
475976
935873
683737
980994
858563
626921
304862
673686
104942
378846
838893
112251
179841
917498
918081
714630
88495
5691
639268
766589
176269
898421
376726
218325
573356
230760
519230
743554
106186
280199
259601
131895
274932
748546
984675
713254
961825
762663
201320
837323
719209
35342
865235
732148
449156
266113
564772
325231
935743
502330
768635
543090
662160
420477
369204
829674
204921
344547
508383
480871
186110
256663
775998
261614
968022
882993
127985
566179
629920
685995
928096
3330
971116
883590
154533
651957
987187
919008
289447
653143
910961
86078
403923
218786
319056
179674
106514
779127
841219
186887
316281
542272
927935
307559
990768
96550
364738
780456
181519
118504
264528
930437
334667
494567
318047
219526
748249
998897
696851
346788
154635
365531
106467
993556
946531
769171
557442
834279
585776
922077
871597
644159
957284
458343
646780
986292
881640
397929
499597
848323
566473
573167
57449
339147
765227
282386
8824
286877
468926
465738
907167
337634
344334
919013
384309
628054
336126
8360
477323
566284
405735
662422
820520
387551
119231
474549
954489
487095
775995
214481
979002
383235
595646
774689
276579
430303
483536
959886
185013
817566
748690
409554
828473
26302
964735
662704
560103
540548
946934
535805
260542
951481
948568
8105
202905
466343
70153
810205
59171
265829
796327
867249
580950
831441
883402
1661
917139
894330
630597
73342
382788
81222
792777
205380
55005
274134
333054
378824
473476
928484
523478
129162
343309
699809
45800
600842
82918
302102
299320
542093
914491
392245
984325
825869
265924
392143
263645
84508
14258
581784
845372
973022
914210
677908
40517
825517
351376
260244
942892
630983
559422
88503
146715
292443
996521
758527
700159
926592
727201
321173
755629
11636
533433
392194
120874
76130
243276
824039
504645
667428
946254
124545
772495
411781
251412
532620
732031
487078
479598
799340
494578
513320
429698
322915
26219
575561
283676
682705
645957
155321
907826
405732
610537
988098
235442
186172
293258
692943
675421
260535
838044
834455
531499
904001
136231
132598
86509
630687
581684
161429
538570
718333
312493
898952
289172
31438
268465
76056
997355
772012
292013
769397
344880
99770
469767
608200
715668
533807
681748
570585
670129
331513
493431
237575
38126
640873
736713
154935
419312
791786
551790
848096
753985
386547
236441
972674
65804
723417
741691
807684
697134
103021
88457
365567
716678
495568
136819
5433
296307
921833
760694
105438
705691
890146
327585
483968
226380
916864
269416
57623
265183
929655
199782
992518
506745
958988
83361
737690
564232
912160
224070
102687
472936
845776
763485
18202
857724
534341
655183
194563
286285
520064
761055
177034
748676
164862
220155
315206
478802
424343
333806
19817
993624
88651
630084
443428
31404
693471
547952
362531
701652
22580
429349
459462
441587
90485
439475
599486
299318
517113
177243
255631
431629
765601
567229
272745
6275
449759
409316
826710
387625
362466
594533
81696
767364
187689
786562
781020
649246
433194
67586
664165
123855
173869
566695
298457
44602
472542
227902
487441
581646
524249
74066
554936
725594
326517
537481
423651
708993
366276
628219
115204
814035
416010
310773
986336
631561
269525
890895
914530
52417
775161
201920
908498
701895
98484
862596
399589
385129
407361
975284
918191
576414
613034
956002
919214
764697
377150
342047
504251
40270
666392
540044
479973
89593
465641
268558
638678
859037
596522
497647
84355
451658
322225
416154
739172
478825
806129
563323
647127
819169
679720
488528
856499
942715
658472
455159
142303
157412
33478
545778
836949
449718
717237
887816
164091
262076
725621
769331
235475
749985
170884
410605
492482
288049
154326
175745
83766
548255
457441
486307
531391
78651
603377
682349
665323
581541
766759
27586
534543
41265
386326
529884
755396
95982
810407
448616
204189
37434
21040
555683
267177
448203
265790
132142
411974
491763
202206
714338
190580
369508
938573
47617
119903
765608
679852
707001
900247
49117
331543
992561
218481
189108
631933
508486
211628
30999
885019
169836
801824
229830
893960
417915
324868
833289
937493
897605
651700
662434
30911
411747
680551
456344
56809
584025
511334
69656
448681
295581
719069
672157
399244
592973
868913
543494
459253
937293
546728
800042
288495
646268
381180
56458
680319
559313
262165
225416
723342
484319
130329
946574
500767
499092
353322
952091
199871
490004
657154
304058
162072
346782
61300
40410
24192
507924
762718
118646
644503
730237
334672
578602
376216
642755
357327
255024
223610
370748
767508
612503
34689
888334
881270
182029
689079
744912
917426
710668
511545
611163
508603
170214
151735
650477
117239
999634
79930
91255
386493
326207
338544
633328
961227
715371
540499
125872
63252
840849
973749
123920
254944
881442
61558
387402
611077
60271
760340
164893
736835
203811
696932
709064
569830
983209
79222
196583
230668
978760
319089
732285
753738
225512
329866
824622
302118
562869
24690
878865
766321
658833
524727
116985
730642
135711
390304
378783
772825
955704
912254
807053
94185
626963
166
806193
637940
443082
207795
636074
93972
47395
403623
178313
248116
150382
910331
498549
242558
760568
999642
202166
53808
163548
147977
498992
681034
562820
187806
753924
355494
448278
527428
497521
967615
58331
149796
59190
594627
646471
801977
803841
120786
607084
969849
592904
701925
601606
927793
909366
287736
890585
701087
522631
890702
672347
603038
981251
174213
350904
326160
537004
401477
108331
310118
987376
107045
706759
837682
756518
943009
588740
737166
760002
477290
16820
636900
969320
709085
922511
154992
365868
761103
993187
746929
820296
624350
94561
762
