929
130080
778815
603234
286052
609177
144341
397135
149767
581516
344142
697168
670044
896785
881592
580303
957746
226542
635305
183183
77503
305816
695052
111052
33834
523883
924140
530252
951358
879973
386944
915962
108544
894586
926652
743858
211366
642562
122448
530339
409461
263597
281763
525754
365811
808081
373510
175506
76264
492286
996727
227547
534707
808497
360545
325131
261327
149384
144338
354926
898182
357568
302621
16070
41970
232065
442939
814135
93457
383375
942296
618135
664815
40620
551577
273609
525324
146609
510702
445859
872875
117743
473384
383968
908755
19698
995623
675310
391722
192543
350670
383764
480819
310086
442852
338554
800569
134347
467418
141827
165141
907499
902044
239395
612444
33923
19631
873114
130999
209556
214677
275161
600432
200764
495840
714498
879461
782105
880184
924686
706146
537142
716627
643873
142412
989651
319755
928921
870389
333996
216174
420786
569160
719932
181430
620110
855903
935002
52494
84294
421623
633997
199651
795322
982823
587567
21261
261653
619152
747700
780176
467683
593435
622998
369351
299894
186980
875380
211907
730046
120546
560527
671801
417077
237611
629181
269946
961011
74478
476818
86031
608505
849679
349721
438974
177286
986434
273343
55900
308886
290965
160109
346927
503845
221837
577662
582461
229282
682683
281205
152082
477742
602879
321044
584720
191539
484757
477270
677453
396058
54632
7554
946990
486604
523407
930859
435680
834430
116514
822758
987083
171814
29706
166197
652505
185064
677535
778547
100314
598168
154214
294774
160243
609527
25987
675743
661619
328602
578455
904924
640014
308674
716469
985551
438905
18431
712233
815829
565581
595176
880215
452030
563808
802285
983678
959142
677936
514409
728576
430784
563348
72948
763276
499340
521966
713363
796398
61575
667422
849350
818422
134068
781881
125751
36740
366645
820823
469388
235855
122277
658082
909787
354766
224684
416832
125415
386791
343548
715389
848935
846425
668688
114533
535572
334868
860003
830139
19235
222158
976514
584865
625912
340659
178592
921291
653804
25145
529876
634131
444184
728342
499434
106892
140702
252943
262288
286559
120479
435146
853284
927913
935298
27978
128512
415522
116849
446616
594638
844836
969566
842714
315173
928952
395501
703504
133722
972614
45577
851997
298606
552379
758381
240400
493512
597723
675093
733785
956688
445518
146650
205059
662312
977532
685427
377571
413619
130332
7158
286257
41131
147500
487887
74803
932683
78144
78488
856645
390930
887864
979430
580472
797970
473755
607172
443968
102871
565225
609658
226612
813355
988160
279434
406395
754106
409927
95391
883417
260404
635587
917050
393355
628965
640832
46914
308154
989659
459386
168277
602460
276386
185380
995922
704009
629867
791559
737322
382353
764793
981582
747179
16716
896405
491281
107715
967782
852617
718744
226515
195435
943501
859019
296251
971276
575517
549920
436558
579722
201662
586039
354492
613232
274354
45795
510936
371486
174948
702645
710409
168068
84758
222880
106486
318026
870890
766725
447590
953780
574904
238515
822312
500448
149040
357491
999140
766868
863637
879736
404195
782461
871909
887600
539886
822504
723781
855708
653898
597232
420751
985594
157717
158917
327806
206260
834700
653331
69166
212815
976667
148709
799960
911155
337796
66376
340052
982767
647743
174469
641017
159306
861254
847341
67811
445012
634809
838355
69364
552606
570758
585527
736141
543224
915671
227311
565274
420717
408402
482057
111685
677708
679650
316898
912702
337057
651022
265210
390084
672570
343162
232347
179665
955836
125037
37242
788430
162210
666065
48671
832530
193773
21578
595242
991099
662651
672055
684684
899803
588047
96541
214524
701822
871147
81115
994174
322473
595585
759574
299311
397586
726879
918116
302736
942693
279348
948653
421007
272899
583527
133332
419047
352594
713004
776147
775114
407793
242834
407364
34983
839942
735191
579787
289054
51590
891263
86492
356037
578386
748832
798750
579777
129400
338466
320588
917239
568278
905854
273778
352749
329524
67773
813702
823793
378884
470062
555729
38282
261040
325015
305629
566212
197203
649476
291390
303362
464646
548686
701153
628466
259260
415078
656140
262364
574617
425880
158562
364035
964950
267401
207553
573932
904437
461504
767083
466377
642766
536271
77283
605756
654178
293681
800586
427659
56710
917820
326970
162949
83612
954281
994606
591079
27751
312329
143047
650208
597173
429199
937052
497103
939279
915562
391149
564032
566873
290374
231060
564368
210880
476327
832166
69345
230119
740076
668692
185182
664139
672977
177290
54282
125916
799949
730528
234849
229208
446933
911515
383418
667105
516512
74019
757350
920422
54439
750684
917994
264459
767261
451695
942894
652816
418281
471833
321972
180243
673619
966008
53709
484168
585656
908600
407813
574113
955144
496717
454788
911951
713623
170141
927741
35669
355216
780550
759876
371229
855908
22585
511968
709334
100081
684111
264859
494715
808312
255276
471576
4398
912663
685974
575493
146771
240424
905702
719985
73197
956532
815542
741541
280947
826866
14415
231800
987385
246613
894026
524901
29556
650019
412033
495574
238921
652949
656606
95317
643745
990305
308531
322521
390620
683455
243980
664548
550488
981869
565356
809249
1154
399828
397053
782252
352986
314081
586589
595289
778948
834898
971118
910816
643070
647267
172162
883451
829619
274233
2242
679112
265784
38971
849318
277170
348368
718680
138333
444503
90522
61797
405120
323782
586171
557418
422880
748894
839956
972587
594753
776165
75496
590437
242812
30995
829846
91488
295399
663798
950484
193519
754510
194620
256271
181913
729075
815878
387232
747588
882993
129308
796117
327151
197757
965768
7434
921645
611666
955806
615048
798995
700325
722688
495794
945985
605528
828265
519847
116256
476079
661768
843730
378167
430710
318486
593247
469899
819979
294503
597874
208923
591882
536155
140012
662456
401902
250566
327901
803474
961928
497764
49682
826488
663995
261298
649509
852902
508952
34310
522643
94956
570888
769696
381212
587315
783908
178546
162189
302871
221491
767987
662358
752996
764872
308932
55110
35866
673081
937424
746085
628463
206882
295711
900984
434370
829089
369952
383086
80150
792660
237228
195150
158893
915309
139440
55122
242333
982313
27592
643291
364290
255433
97419
957904
877174
354113
237215
990036
791314
632039
287863
37714
724025
954979
727361
19129
434953
612518
286606
905899
15949
1884
671542
70335
860207
256019
949280
963326
793
