992
351447
442896
91716
128686
346208
414753
193535
16159
528322
521174
404826
391392
657503
170729
808975
385545
410819
90956
363054
481545
506478
459613
982227
572002
483122
18679
872384
858664
330147
531436
838019
426476
176515
21226
667426
902660
590708
806464
189146
270671
148825
740565
889560
477914
494534
771571
883627
783766
790937
298435
675207
652840
811535
404143
911071
928439
768579
599610
387124
932185
719930
140747
18090
975071
330130
261209
153418
930867
574050
896387
196207
922512
180590
494464
590469
779070
895829
816835
460208
982386
243804
694815
142072
275387
396809
682683
281087
179021
143586
723155
329538
300269
485936
301745
287781
657055
643582
263434
543195
428292
684724
577916
863603
320181
83026
113880
560409
685424
337201
73168
473763
748595
805730
868794
538503
582563
943433
721371
357993
448340
568290
102491
186054
315383
463071
98266
199182
901819
468804
416063
212599
348596
544029
441565
725160
19287
97642
714201
885511
440178
413223
485958
661314
212987
876369
820132
861084
995602
328626
977830
699753
112223
721197
435324
845288
561162
338629
56118
978031
74460
179553
70061
251920
69394
46579
682887
705149
777629
671718
27863
200971
973806
82038
505638
351681
386732
350900
251463
403399
415496
668898
645214
678751
207340
979692
991412
916941
566101
317657
665817
872948
346339
617710
529453
513125
156821
113698
503902
180605
745974
768104
622432
865911
95243
399892
478746
488347
809064
890294
813756
725502
768308
48374
848044
881264
81571
664638
61658
60090
708710
608329
887665
637720
759571
237821
168208
447010
221172
416111
18076
743992
466193
547767
260198
174616
117726
186201
788764
771874
981175
896729
938660
512959
361578
682800
240151
323569
990
648210
26037
506959
553148
681162
726300
178580
733134
11384
295682
415280
40679
541203
964000
307056
538579
862418
397041
570438
203481
145235
431285
979466
181149
901687
249446
508576
722709
848099
804109
623057
377350
709410
374494
719086
968420
578415
231916
941822
652386
188558
387715
860874
451739
675922
665897
213159
771108
96283
868422
295690
545078
68750
232981
841810
120578
100749
909210
652969
984237
346421
993373
874250
215698
421368
348933
208343
836587
366255
262873
115094
958075
755779
531085
942141
12139
974483
448239
862372
627087
93506
218255
393412
593901
460843
649644
117477
993429
813385
487260
548850
447486
211298
500953
626170
671259
325249
236040
237957
456884
121559
596389
263605
412031
446069
393984
204791
153058
875483
945918
480037
168030
452079
392747
416256
454891
639694
916544
890468
741373
460466
317896
679315
686809
600908
202319
625862
506179
435838
481291
248796
587514
130707
313676
778364
31727
130550
663997
292399
249051
872852
725975
718698
447474
3195
700438
614282
916208
240991
425073
603962
517264
706038
720471
244372
247158
63221
328983
980860
603220
40069
297190
758440
234003
4834
226924
61103
731177
138963
41723
95634
959729
533580
867257
710364
414060
550514
405733
625042
727561
372135
64839
510998
424255
849134
196841
574224
820388
160765
382421
915193
194733
150933
165041
221411
426228
7651
576967
914139
488695
662976
130285
215701
475171
408164
483784
138787
75412
169339
452817
795238
559933
675391
751877
961077
199132
62268
304064
256433
903406
127868
609228
466
842031
838539
153951
883433
518357
68654
623561
832601
374915
783972
261155
258293
164638
459693
328771
410709
246465
405616
663645
384708
344306
462116
49690
967895
762622
515895
705505
760258
787756
848440
534892
905413
863427
351130
118497
145227
294402
909687
666595
945490
281540
788307
100410
219519
627117
583070
460042
194612
114394
191043
138083
240758
513849
331201
246225
385237
227929
953246
606197
63237
591633
336582
673006
669437
703631
276951
675065
273874
980102
877331
992940
597182
591140
59078
704450
34354
271257
999973
776056
241197
895258
222997
71734
377407
656483
25235
30181
137997
807400
921127
904911
429453
205225
444451
214129
65669
454336
306055
712652
850922
225578
441236
190395
257860
881674
972616
83144
101673
448581
614376
508297
25486
260573
469470
618531
324901
383029
124615
949527
116598
224600
8541
531286
321154
425329
906405
522466
108463
540153
312276
242739
806171
272045
235279
459487
870310
20512
676209
491237
362624
254812
669850
639666
457894
91281
825565
149167
485494
860629
342667
917218
225907
969166
119371
830687
221604
668935
270245
996575
671344
741626
708902
844014
160640
279179
107515
598564
807878
961674
224474
891394
298029
857408
218592
57804
304147
658116
479638
462674
426713
153980
366767
870685
320674
359450
930412
921896
824014
92408
755987
14172
149954
716993
802158
835009
837833
303907
624516
876785
813774
28382
911497
86458
781137
628640
181288
232080
703640
417004
17485
808814
689547
615917
391607
272338
159692
351140
294959
270076
149542
800936
305579
723418
761387
756748
800148
66745
530926
266858
80789
519201
246601
692914
187510
773391
469439
88864
215055
615771
939573
852688
900309
91748
664216
977975
130386
907871
155669
745267
890497
218930
737890
933269
931524
602358
555877
523498
454953
683052
482059
147013
307662
726480
204918
291104
499902
963445
981839
54688
941670
87980
358462
326305
979776
397458
574335
685577
904292
20752
707837
946759
599115
73179
655156
742220
692231
709615
820991
304766
61082
374512
14232
152058
78319
18646
315083
420352
276037
311194
72681
284051
976377
284362
197595
245864
310745
516038
104207
12920
108093
324308
422504
428630
367497
138855
221984
60664
365683
663585
361867
539280
646995
605424
84672
767603
207888
196678
833699
838504
578370
489799
213209
599670
396594
70519
961257
210729
934879
987804
285854
268986
841887
424551
822567
778279
599536
136868
822807
814573
451444
714208
996733
329047
53560
987145
218124
185100
286143
129874
304293
112069
126097
845615
55246
312815
304014
415666
535667
937077
908323
750786
618675
741308
359735
711922
591176
673602
683890
563476
223903
293486
510041
337681
133090
349476
333511
57422
880573
466935
9997
983462
331870
489979
227773
324845
454611
928527
245602
910276
580073
99247
675542
278647
171944
222698
54410
263696
952202
57318
142413
1755
491811
7096
244205
442419
76861
516078
781136
611747
322773
635886
936707
705371
503670
286415
699490
694291
324323
674945
259184
127873
688433
900009
56504
460488
692981
312351
515783
822029
744622
55147
648997
238702
968687
58863
89445
966363
18169
300933
646109
715445
786763
150959
610039
618605
566405
433147
263275
868035
787016
406613
413835
768188
34169
151193
539862
425046
155536
506606
610740
406244
205936
389161
159448
242522
165364
655380
507167
49677
739549
805352
508645
881196
939983
748282
556920
50991
829238
871654
595585
743065
886248
826058
433685
311875
517860
725548
553722
312389
153629
467061
134297
627529
506486
602061
575266
321994
539586
784270
272562
929562
631467
688168
444558
13687
996422
97646
776145
743997
545116
711784
291
