925
90267
783965
140070
631870
461581
59362
485177
550047
560412
726248
306760
555032
334169
129598
677858
206318
818064
113214
366756
684697
114319
932729
861912
905098
572649
359431
609145
611001
781582
90993
988616
929372
438970
108876
477589
38380
912590
456032
806752
37180
748257
132471
940781
152911
402745
423166
556981
79931
102081
303235
328368
651747
450377
781741
778089
410373
592906
743680
224083
326446
349044
68130
818869
637055
587045
257589
324176
203029
548082
543453
758634
490558
957930
312271
170470
449230
523767
977429
952462
439005
704769
397080
226758
277789
763747
417846
167485
288131
533566
633337
98041
415823
167185
255111
686650
940387
536702
329699
17771
615218
649059
290390
490398
279688
659700
96462
877984
968432
771331
849306
79188
626231
704473
417909
228253
393808
256453
237528
238363
268068
406342
863513
804338
476627
874353
947243
737083
380738
625221
735894
393297
661140
283256
626085
256879
394645
309493
489974
154877
444989
257806
978510
117058
962345
500589
511096
67273
418431
560
417485
105118
328217
117268
489215
399406
316315
125188
572308
614895
214871
526464
291389
274938
851024
945851
342443
150519
218446
596117
698362
737222
704741
929950
157715
128810
433497
148177
866300
630531
952334
279236
62760
574828
971121
962176
662502
173679
375723
369180
420748
934108
33656
542800
785992
196137
740110
240797
175947
480414
501383
855705
598436
652015
957165
449289
501917
833234
16630
449796
19481
354096
957147
147804
587102
205319
24101
985302
244389
524830
840279
405384
759639
389850
741525
16709
768814
556887
496656
429160
279286
903008
446365
379456
91190
299382
595957
3610
671363
58980
65284
996365
137837
113196
62735
151499
670546
337422
780695
187017
500873
290407
774669
943076
711382
517447
787423
252163
149384
142475
48863
63928
198801
504064
903984
845532
662359
770469
357123
820126
762364
172371
389921
941008
972184
818084
441479
272343
238177
148959
994077
696394
673983
85577
975052
20911
387068
987774
791975
735441
789544
886978
87143
293288
190313
874970
312852
933701
183754
672210
294894
171967
608743
840609
940313
283307
473725
114680
7004
705371
509463
624454
847462
95253
572134
704750
72158
487845
367701
572678
848220
828687
607318
895845
77294
800168
395088
751961
376517
702062
908294
270717
932350
489262
181705
228212
700140
615455
626251
31972
247372
645161
781669
556915
964027
761338
939591
150315
781583
118658
843126
238425
308506
908473
279309
294111
20299
89447
11267
333588
365630
764146
118434
86314
363220
265054
762417
70838
322598
698758
383146
95077
612985
135387
944427
414298
542508
885439
231646
400277
957053
577125
558402
950506
566796
2230
478868
529223
654968
578882
91195
372388
317307
779020
42351
646369
78659
734396
230207
231503
8670
691995
747649
920371
200067
770357
484873
429594
567907
677375
81948
991752
629703
48288
400190
494975
186674
728649
647144
113978
207311
497519
921336
407006
11100
519714
874782
159652
674177
355534
120435
702705
705508
803360
34648
211201
862592
321691
452614
378793
947815
351284
713582
472027
573118
240527
635660
147925
629794
568106
13192
669663
493409
872540
485031
96417
121419
235656
783760
689970
724139
877807
983512
179564
268527
129435
931321
203409
930713
977461
499721
928943
229686
470023
901961
845491
970163
858514
799658
840011
901944
575553
152430
320067
167017
427271
532239
335998
860558
142065
151883
125065
497473
157928
710436
624612
500194
881024
40815
836196
789578
455717
516758
199295
799338
463227
704521
230338
429161
293494
644035
870120
829547
63720
710398
982022
143103
594322
526692
121568
737022
339986
861745
95610
557441
806709
309624
680078
505750
237858
782991
767274
685256
504242
893263
703681
115048
188226
803553
281223
453457
551064
652190
892602
590595
901414
655475
89917
909834
137801
501214
18465
281700
478286
742944
858586
15723
206760
235680
181916
779567
234481
41482
40779
231528
416124
233765
4502
659679
734894
595966
157073
338086
945916
442556
365145
613833
375911
526749
78222
390015
512188
419171
431718
252472
352314
17089
155424
626606
997973
162507
647295
641748
440649
325968
319707
110537
383755
331192
96755
802804
700014
487522
948643
256577
321670
93624
187323
643276
114831
540802
222645
153969
183463
781818
66392
608017
652718
773555
227146
796356
351256
245373
65288
63078
917639
294347
980219
844302
990620
615998
752882
850733
59727
616745
303961
527657
337415
667922
253656
250545
976761
729837
616964
986703
792398
843413
66262
418516
430284
162112
18093
30449
643110
325827
945484
176385
841211
54107
172286
964892
304257
509724
4827
125777
461432
554770
920785
156275
924174
96048
922661
678354
543418
183665
171485
502518
918868
949825
115879
143665
42629
310606
180433
860715
784055
653148
991004
59956
468357
916542
864182
37322
137721
170720
646925
421801
625093
574684
548514
807502
635906
281069
867303
494346
606644
580487
58571
181252
620905
207661
374515
66242
89109
320134
290183
20542
185133
840594
688458
318057
383674
964177
286738
131340
943123
509893
844196
220741
159702
521770
424156
199268
346512
528348
959111
154790
975669
380421
301088
261571
249524
818631
649210
822528
121687
736048
985054
84176
429681
30636
799998
539638
663786
752377
366754
650597
135719
515852
981965
170847
786482
433100
474408
595853
259209
556048
410769
244170
842947
230021
103463
511769
379171
297421
641928
468372
166191
550308
959414
249958
100922
824192
85875
986937
715990
945842
193677
406451
695010
408968
989848
636822
668847
784838
808965
225037
360000
159445
200712
622140
967425
856891
539972
278431
539997
692234
759065
745182
463622
354031
865261
179449
332940
466823
134067
770209
2882
429293
519333
464792
1136
92299
935167
827179
282538
553214
774997
447508
578500
675558
560608
31504
370832
173538
6763
643064
557463
170656
579126
195163
368507
102479
983343
329767
150629
52236
741441
603806
884266
527168
132556
369967
636193
91457
779539
772064
158229
766401
8681
872496
745968
667833
754933
317215
245737
184299
830608
893949
230776
782608
332343
447328
563952
213293
13693
91003
151810
912233
455680
889206
526448
30352
15796
435856
798518
686222
737624
468730
173174
880454
467853
444407
471504
787425
287248
701875
765670
718905
926880
573959
358001
575571
451934
955985
626747
381308
206669
714552
787557
506214
32343
475342
286911
28294
444519
353500
942451
210270
216290
368695
272259
839811
530143
123252
45524
775
