928
477095
732841
92427
85795
647463
470410
406485
268767
154151
238718
240356
761016
529199
261237
622762
410376
646764
723658
788827
839469
787736
507431
485753
226215
146218
944867
818580
787801
589672
399541
574641
827964
465582
275784
70124
323796
827340
973689
111576
842180
332892
667130
945369
240242
839339
609179
174800
210626
210090
189091
341462
667355
720657
359277
23713
470336
164151
275656
921532
703383
96729
369282
137179
64684
904327
607048
361940
762928
659410
208223
822413
195673
944122
293133
580072
76310
269731
355070
327093
214691
504095
423007
878565
718998
492307
340744
601865
278693
948080
799909
55289
48277
225326
203798
475052
401928
692605
3649
324700
17365
798194
237058
341767
796857
770857
888011
448123
912741
985688
740630
966760
681431
232996
82323
302217
231251
776687
843864
636015
109450
119814
276484
826464
260721
960761
885784
32521
471941
132889
972296
700338
937328
130325
888302
333434
773135
161697
32569
267704
289836
188096
621685
308188
557365
525931
334440
669546
539520
674459
82623
339136
584100
761152
813061
40069
300548
188022
388721
765912
784194
994804
913359
371980
459976
78882
482012
363165
351274
541762
349087
791951
328801
927632
212759
47381
166345
136408
95160
6201
202439
626682
273203
692120
846250
725915
722488
133888
757508
583769
205307
820317
979003
414125
643769
393205
109962
729889
496488
597860
985366
321072
46699
708819
445391
15555
386153
622306
757110
896097
323836
493954
19957
351001
953693
109961
705426
440887
331168
703640
423478
799412
694390
993275
214332
470872
178214
580908
129218
285982
426329
707008
9099
896848
936238
823461
797297
166405
151507
809519
527818
41813
602903
717688
472883
957782
828368
260374
120340
99650
451061
277202
901324
153293
831633
113797
169889
681982
495696
290780
46268
459487
859226
763171
739087
42549
964351
208594
54535
367166
574209
566247
786614
655698
838643
906531
641059
861732
878526
68332
202829
181933
61428
198669
279321
498386
498988
610447
486567
894775
105538
393323
93215
326078
174297
751875
932685
111554
481858
780142
909810
738400
497129
366846
192445
710868
876512
230787
972142
125223
163325
400909
573726
453611
135261
824487
36614
240027
241360
635673
363387
75750
849057
899622
555079
125971
728524
557515
50681
608797
746952
199853
180042
286811
355732
451514
895373
153379
261836
697014
87344
662788
970578
833877
826414
417402
711730
367358
811781
539987
528978
538444
596154
315088
493326
471342
63952
609332
740341
113718
834398
574571
647049
517967
522406
103627
271935
389371
693753
287676
883291
129935
339597
325346
865099
460929
103723
890990
507026
677066
902203
917426
713595
706722
207462
43647
425218
42446
245072
12619
56278
655203
521129
648275
107197
268497
627979
68899
725243
419593
523415
62248
980635
826710
401246
238189
347738
132937
782360
176671
644162
5452
624987
798916
361267
448604
3530
329376
589945
976946
844711
867475
371166
793003
7112
508765
893609
514428
55833
182557
556396
242605
547837
437927
586455
339844
482169
4171
93203
113693
422622
423805
295812
603747
900268
412577
631114
747615
344134
572027
907016
790080
900587
763287
676130
171294
303867
951013
76868
641681
304840
299071
364149
886267
136672
536200
888139
597317
847039
985190
360021
513887
968857
919986
728044
491785
574018
364583
176565
874938
784013
952293
598147
803073
221137
815504
98241
768703
692668
63885
485821
359229
214134
149156
304812
836936
216197
813500
425345
172007
282621
954185
381297
22058
658882
347145
160075
782752
760915
833850
361752
597414
490966
812928
814103
560610
54542
486568
920169
814283
577029
954437
623063
477965
364523
169654
749239
625645
860900
896518
389904
649089
796486
539951
919517
849422
31113
808324
449798
53980
41058
909791
418996
492296
158442
349798
742054
903798
716466
933956
473351
823934
749222
346862
405548
524095
482777
209364
2805
139944
510263
66345
813186
148690
474545
885296
824662
980598
205963
849361
2902
768322
289347
975806
679852
708723
838546
282340
234550
201175
389540
539002
982249
953796
844207
401539
156457
982395
407600
991561
427898
70701
18400
184586
642718
744485
741717
237200
727097
568498
604865
688672
919175
103776
773324
340299
132179
35181
161136
610157
610822
773499
279087
571725
833845
285701
707827
785327
26719
980429
372072
16087
315805
555505
272677
854409
824353
794765
609941
984878
132268
532924
837814
977879
524096
513690
652189
888422
349362
408060
736322
592326
985645
15948
987565
274242
155665
688223
374518
122926
554337
658348
375808
788281
668710
490581
347796
103283
494959
902707
380709
151416
279626
625618
403197
13384
902436
834568
428799
215212
267705
308170
249609
249265
466833
298176
328301
512971
570691
451682
725232
244525
812386
704968
729028
20031
598048
132368
217181
348166
310329
536291
416366
296517
454269
182771
146094
863872
841483
621829
730176
320466
859775
993862
89335
116511
772102
806015
649881
104719
629508
767636
759482
743967
51341
702720
956305
10838
117980
444180
659298
336106
668077
846697
245907
42215
353059
533769
40757
861944
439480
682840
913825
202513
884007
161154
909153
696659
118633
420908
616368
980000
154788
945742
511486
622014
842248
480428
737644
797676
522648
171538
405032
856583
355446
649212
861645
416080
495789
859735
322115
568766
112602
86827
983878
324111
112114
890483
984507
892725
663676
893811
904484
254199
361090
485072
773308
62409
672359
802021
540188
906063
778704
736660
260499
228537
170583
345466
946089
346407
751531
145659
544948
884297
37831
683347
440125
519726
79670
712901
44688
906415
687717
871343
368466
416584
959282
34421
383918
69415
406602
237201
749532
555796
169621
179836
830057
640925
603156
966719
995872
865208
278116
257400
157401
857187
500183
692507
347870
348717
577053
355083
541638
270863
379132
647223
430139
733421
844182
986184
78342
406921
589437
444338
322591
566227
448408
697108
666264
386114
965407
949066
362811
397178
881064
710175
237712
333760
252501
845001
742562
443257
148501
302205
15743
541326
29160
997965
27386
173427
138168
680776
230662
865314
73408
499904
996080
362738
173303
53870
194617
199274
455339
166598
384171
308959
505697
351023
315346
838995
828289
919294
94966
748916
201946
357444
208530
976464
748490
50826
44204
780478
553778
266515
320032
578731
547923
879800
477762
952437
9366
384733
754657
673018
880867
407685
421131
356407
784305
848736
505287
449956
713834
711593
66690
621225
577510
29336
945262
414
