905
525435
5786
232977
779459
422163
704493
760875
161812
974315
636118
835868
278243
386820
827412
197496
569442
469644
544372
200819
410316
641951
850142
132573
666293
867677
775477
521575
142927
639377
593264
753841
958662
610820
755494
742279
679509
938565
921198
101562
582664
638008
598610
578458
961521
658227
335159
756932
892657
513839
151036
904179
128689
395181
315133
260446
331455
520158
329800
716015
369056
335745
609585
998014
854475
930141
374143
819145
285910
216959
619502
630458
737077
275332
468869
510180
669333
950353
997973
170225
343485
668602
669731
634534
213441
496615
744447
117400
704087
935883
844589
819428
36538
969909
606124
847086
777868
691119
21256
181892
380575
885104
593940
102219
618291
285327
416762
948961
601157
372600
878642
23975
865479
839991
556505
75925
800918
6975
214375
196245
547418
393785
868763
13924
972392
319442
658716
559925
555370
14343
20066
175304
675122
221800
968537
549487
155380
897813
146647
150059
477771
94339
209492
154911
6284
594963
303724
549769
889035
662020
68362
712424
28831
456781
405003
360960
303454
9304
345726
323957
532833
323828
360304
275358
901459
419870
174931
415173
248111
73799
75962
411663
268323
698671
921904
964858
720433
606910
47353
698213
230564
228763
969025
738745
298490
593887
216002
542220
49799
793208
452419
100703
134295
595770
857759
111159
831738
885439
222095
924294
118371
23839
582377
820269
172275
787452
737311
203817
782462
890979
313523
194373
94062
544731
240147
254493
311618
186743
897469
368825
457267
559441
423970
67070
2855
989272
965766
977192
976586
795793
889477
84841
609800
602657
581178
674223
121049
15310
259617
402694
561702
403379
68482
730301
416835
176940
168464
737867
550521
522818
35607
316272
402164
664544
483542
70500
628655
433237
775914
860970
71422
131046
10046
820549
876888
546464
363214
174059
767169
914763
973612
812416
201523
248493
489489
994159
74008
586188
846667
744224
365463
962358
721953
136585
74576
126796
592633
145295
432849
264667
261065
734982
71079
372497
163254
202366
402963
76907
288693
980854
502761
15628
614162
901329
232044
101617
503426
190220
320309
225049
559680
425405
181267
869761
794078
67639
554046
759737
32603
838656
129916
17837
727730
219396
564580
772114
11356
832239
300524
782007
235170
627685
135452
38803
26184
991761
775565
992107
594203
522890
238620
595137
229384
400312
537315
630279
715499
692331
388479
701890
25237
63333
200544
795937
304297
173997
721673
439227
436525
34367
490179
585663
34329
850924
263677
635695
721618
508108
859814
646902
49284
136258
584219
764735
12796
24969
568982
731991
816354
375753
867190
591793
33293
437840
128816
531450
80505
755672
719652
468667
115497
732193
208948
6830
774341
423944
630846
245070
970134
386180
72434
125920
870277
465958
593144
742109
827879
40648
32171
587703
315377
355059
139875
356982
447196
346434
217166
90957
373238
612236
549011
163368
112206
437873
688214
221721
636955
894130
266335
292082
923954
404787
730227
161209
832811
918003
414430
768206
338432
762080
407495
238332
752654
12148
140777
520084
98614
32560
118186
918224
126428
404116
453986
436879
973862
18276
108068
905290
784803
229950
901152
256715
643896
539306
86844
265184
949264
702055
783803
425307
540823
576234
584419
120247
549575
629866
775542
610979
413871
366533
939805
756686
763600
939204
650871
726189
322386
126556
563611
492037
813069
176733
687341
545818
502749
816354
373577
299557
533500
528668
328523
258191
453029
356176
911306
875062
855176
717881
723825
597989
144526
517629
844510
490718
655611
387861
325065
149637
390473
208783
231509
106835
175742
38230
392907
101201
518497
424346
393135
944921
726301
198025
472941
935212
582674
809186
935499
399998
263799
679412
315682
481492
627361
688384
80576
944117
206514
114341
303472
306029
285572
543745
666114
866084
8183
501586
268409
150073
709272
61340
725802
815411
531914
875044
554216
616056
721608
334958
375369
412728
167042
857896
425941
184738
204167
667913
96710
49386
845627
253235
166520
73771
594843
284579
852798
760723
597170
383319
994089
894399
790822
366660
71286
835598
740806
934285
996170
858758
911681
188369
204885
730851
657382
133400
549596
986233
901838
787706
2384
62180
837781
415718
400889
228623
610256
274663
233288
993168
424340
279463
884686
581385
139447
159816
428754
447772
14453
872376
724529
430169
234173
868016
459870
310887
911927
320424
158578
627945
498296
989791
679557
755847
675434
476654
333185
586134
944434
541810
161453
940545
183634
645863
583155
886948
585781
9449
779426
867765
252101
123654
800109
415419
377708
724784
713151
236433
835737
75278
919560
574896
110243
444031
151560
708104
433555
133718
893816
986414
928841
526430
717405
715201
689394
41170
800147
56263
401798
511387
948458
143785
60208
700174
187654
195374
915752
579693
716645
953248
647451
267426
631689
422797
356276
584330
628742
894148
567100
105398
35838
201460
180131
792249
333899
579214
661695
603924
871872
258398
927175
533457
802145
623414
371315
292045
311379
178200
346862
412492
198039
704747
31991
567472
356791
238776
219383
348994
221305
640925
607555
890939
645985
626528
693397
312475
596575
379050
264710
989981
876157
260698
579578
784706
587087
962528
565128
973677
909843
298661
471216
952441
83216
312210
135127
578342
6788
68572
239999
766238
266481
741492
463876
624049
40757
864919
423836
812892
200714
654165
88318
38080
877738
829323
301975
151637
994675
746779
292221
261009
797624
658788
767542
178307
137559
442266
496273
982845
971028
399898
588434
595859
350736
495854
948317
781633
957513
300844
149126
798103
712823
726857
548197
484598
813163
767474
32642
504676
179538
831387
981866
506269
962059
692338
508656
69872
78155
260202
243183
257244
533297
105115
279996
844657
960537
114529
470168
336648
777518
808282
749131
818290
918733
670175
104324
981658
18698
197339
938402
175196
857989
989095
991203
409925
61573
640118
45364
266934
362459
489691
396170
945324
486539
434872
260520
580686
398034
250864
322133
880702
630501
447787
274175
32922
197790
524267
385610
495816
306113
684548
608012
561380
990692
824381
266497
23056
429629
148725
69563
887169
297638
277821
293948
286803
228525
962572
308755
88720
794348
610217
612448
111014
403855
74147
917675
901465
524814
570608
142
