931
815552
896460
413805
256064
700681
695532
189502
259570
626713
800834
602096
156021
662093
299729
421030
658708
423379
141639
990928
785987
116368
369966
622650
531183
582287
307231
470979
967054
621633
436438
563145
649119
296236
726984
675785
374591
341869
512529
142321
464674
23198
810339
313160
96474
84116
435945
283119
325316
356396
609338
847633
970835
160792
833337
754830
572587
315869
623553
708572
290180
973290
408498
94147
975473
84709
396212
638507
972385
198654
30504
569806
583841
415960
479924
276898
792567
678361
657083
112333
560851
102343
699106
237050
203726
259380
426528
51396
630699
786420
400794
640190
253779
306819
557434
694156
59249
586734
34047
110490
587766
359691
968420
580536
878802
710813
946638
568565
725730
609908
424071
765268
967739
142206
532891
287935
237322
783903
93729
950432
319209
747430
234850
239479
24415
265552
132335
657718
791026
796718
427784
157134
371589
905445
392156
491044
125725
593392
909540
200706
518324
513176
18920
922009
719427
703305
786555
655167
916286
566460
349478
365222
917195
837724
458617
250129
987127
909740
570965
57475
765866
21429
84060
486273
961908
153060
914914
501657
464041
388794
552
290145
379980
896569
255603
964671
590365
41482
32818
457648
965635
786705
180261
978258
890555
190458
312663
755505
924299
196050
273367
453961
5345
821718
519398
560998
578486
440620
848575
804748
363071
763342
603797
740064
469560
126914
575933
530889
644410
170527
405031
839291
788570
517026
703468
533279
815018
938196
710042
2878
376054
930928
593024
721751
742464
793709
876756
323608
658381
928646
249834
27630
280150
435657
439015
879932
686693
651543
33086
963497
848696
837968
565098
469929
321506
340582
876668
847923
840788
944254
511817
175239
584371
326442
277049
315149
516653
431746
726794
490004
654915
684336
58927
172805
690011
418168
569554
352580
483883
796631
962981
177030
678661
691003
86123
148388
408615
53297
566811
253842
366429
195414
587493
783473
877539
480466
387052
724084
941615
170036
159708
622526
447033
595459
632425
775517
182623
666160
643365
604511
733449
316823
657741
173456
626839
927256
893049
99627
68202
27004
756194
492718
251455
257945
311831
766428
467073
330634
726815
843648
5886
910423
37282
465588
390145
705815
962092
246986
170079
886503
116814
867661
508288
873869
822223
993154
181824
238777
231658
600302
10403
804369
986669
218792
411890
86282
830192
911071
927907
824021
218362
198872
703962
830730
941894
855478
782872
771113
183050
833258
425110
223068
260853
176590
284210
657220
422183
45074
389936
195127
766412
190466
442915
412685
441146
675703
987591
715921
780889
451659
332252
916174
669574
9538
280842
49925
911340
444787
858456
830205
122495
314947
124960
742097
626767
703482
776006
407124
992433
74540
516725
643605
643278
151201
665394
765094
42457
420102
66037
635807
613493
663822
356656
977967
4642
16179
867539
448131
50173
77488
60067
329186
393236
630377
361962
138227
658644
351166
727871
572904
635180
70367
399364
604314
422677
333224
249860
453363
962912
31013
126370
426036
782063
172888
90726
498423
121678
598398
24371
520288
525783
851719
621625
307054
506569
4209
726953
149954
718363
821275
65767
101441
538226
942445
109420
615055
905450
482657
199347
678980
47445
231419
587947
401105
868248
364746
906575
386870
675976
576874
343266
986265
430364
507543
363953
585459
600778
13868
29407
145905
686006
106282
881258
972015
978768
452708
950840
180853
924771
133798
238841
306673
104618
935246
151742
763281
576870
272163
228365
267186
588413
239107
779213
294460
885841
980367
330373
336557
247406
222871
953531
386603
185791
900973
258245
360288
5725
213729
350137
429845
780530
417936
669173
259695
726331
706314
353036
144210
194303
918703
174255
53896
628812
74203
860231
654925
851866
99140
882465
261388
169760
515089
154367
867775
418927
325503
505064
708446
180260
964058
280870
522478
321326
315637
732291
857265
812892
210225
472537
148798
298049
189777
864742
461219
972453
339661
398569
247235
351921
420435
663904
723418
764174
584161
795642
346254
195987
216317
828841
194967
76083
443529
714368
685600
293062
396605
247404
188944
868738
593183
396167
887763
289139
468946
806223
143091
391135
331819
629939
14035
833683
557036
5531
944937
989240
420842
500114
534403
701438
429210
116929
787060
150749
78959
767064
157941
922438
931060
803598
43708
443229
688847
851888
469982
221954
552382
802602
297378
908071
512299
277127
634206
711670
352283
492125
285246
65413
160434
808694
675490
418396
406787
330101
773420
956349
739433
866242
653985
61542
113911
75252
477224
900713
876079
959792
606145
200207
130403
204042
571035
229465
760413
384878
189438
183404
786266
802217
833058
62554
116973
523916
485881
364950
346091
455548
681450
557949
347506
234732
256884
477412
58471
505049
462791
392979
313296
381102
753853
163064
8467
278509
856753
214990
531604
667409
625379
390669
510279
342858
122321
395541
373132
822409
119842
737522
744478
636256
160101
212080
633936
164544
870555
133929
438385
292036
157564
592294
457912
396046
854739
375621
652467
554647
861826
458113
787190
336696
583301
333456
139783
811822
231644
364808
959336
929489
414621
982161
462699
843263
542850
637232
561436
931048
615731
268381
671153
544298
970984
668514
198204
478025
368060
602637
241563
38679
939935
938194
685885
77281
578076
536532
473303
13542
562738
817198
567978
861452
170860
9515
890921
338167
297549
780938
271979
123158
465945
376336
671513
582821
266646
510872
294013
367698
517897
346665
102478
973777
590648
801071
581894
699868
35552
395635
954581
32325
175204
996735
364712
339787
524889
828262
472699
864326
465221
211922
986691
587035
80908
516341
190904
814664
987004
849819
693616
981276
592455
151804
807422
296198
89367
659862
809986
371331
555517
478752
586621
134305
759480
707488
85256
581891
646621
315580
768318
216217
149603
814963
999256
726989
765731
743860
247000
402520
637991
305689
565961
965971
428889
717988
523086
530081
74899
558918
630645
864617
353945
422871
606720
850650
668657
591056
657572
338814
166021
701928
649812
937494
926944
655331
671184
51610
223310
339505
779639
441855
586955
740360
435525
221193
753801
295243
46224
715640
60745
721682
585363
984078
674666
570860
284383
564539
79646
310222
741022
568565
724940
324527
107862
441532
158066
27303
781441
722696
628473
379829
360079
489274
391725
255536
835360
739872
238376
488085
407416
906708
624906
432592
941259
183054
908854
685589
103637
412
